                1222        22322321                        0  0
                   322   2232 2  2                            0 
  1111            22 21223 2  2  3221       1111111         21  
  1551          0 2  212 2 2223232          15555511        1   
  1551           22 22 2 22     2  0 0      15555551       0    
  21122          1  2  21 2     1   1       155555511     0     
 22   2             2 1   2        1321     1555555511          
 2    2             322   2                 2111115551221       
 2    2             1  1233222              2    111111         
 2    2                  2   211            2     12            
22    2                  2   1511           2      2            
1     2                  2   15511          2      321         1
      2                  2   1555111        2      2           2
      2                 2322215555511       2      2           2
      2         1     223   155555551       2      2          22
      2         2    22 1   1555555511      2      2          2 
      2         2    1      15555555511     2     231         2 
      2         2           155555555511    2     2           2 
      2         2          1155555555551    2   2232         22 
      2         2   0 222322211211211112111121112  2        12  
      2         2    22  2  2  2  2    15555511121 1        11  
      2         2    1 122  2  1  2    1555111             111  
      2         2321  1 12  1     1    21111      0        151  
      2          2   132 2             2         0        1151  
      2          2  0  322             2      121         1551  
      2          321   2              12     131         11551  
      2          2  0  1             111      1          15551  
      2          2   0      0        151     0       1   15551  
      2          2                  22111            22  15551  
      2          1  0            2222 111             22 15551  
      2                         22     22221  1        2115551  
      2         1 0            22      2      2        1555551  
      2         21            22       2      2       11555551  
      2           0          22   1    2      2       15555551  
      2                     22 1  222  2  0   2       15555551  
      2     12  0    1     22  2    2  2      2      115555551  
      2      1      12    22   2    2  2      2      155555551  
      2    1              2    2    3223      1      155555551  
      2    2    0     0  22  12322222  2321    1    1155555551  
      2    1             1      11      2      2    1555555551  
      2       0 0      21       11   1  2      2    1555555551  
      2                2        11   2  2      2   11555555551  
      2          1   1 1        2222232 2      2   15111111151  
      2          2  22          2     323      22  151     151  
      2   0      1 12           22    2 1       22 151     151  
      2        0  0  0           22   2          21151     1122 
      2             0             22  2          211122    11 21
      2         0                  2322         22    2    221  
      2                             2          22     1    2    
      321          12          122222          2           2    
1     2  0     0    1              11          22        222    
22    2                            111          22       2      
 22   31           0               15111         3221    2      
  2   2             0              1555111       2      22      
  2   321    0        0            1555551       22  1222       
  2   2            121           1115555511       2    221      
  2   2                     0    15555555511      222  2        
  22  31              0          15555555551        22331       
   2  2           0              15555555551          2         
   2  2                          15555555551          2         
   2  2             0           1155555555511        22         
   2  2                         21111111111122       1          
   1  21                    0  22            221                
                0            122                                
