                1222        22322321                        0  0
                   322   2232 2  2                            0 
                  22 2 223 2  2  3221                       21  
                0 2  323 2 2223232                          1   
   222           22 22 2 22     2  0 0                     0    
  22 22          1  2  21 2     1   1         22222       0     
 22   2             2 1   2        1321      22   21            
 2    2             322   2                 22    1322221       
 2    2             1  1233222              2      2            
 2    2                  2   22             2      2            
22    2                  2    2             2      2            
1     2                  2    22            2      321         1
      2                  2     2            2      2           2
      2                 23222223            2      2           2
      2         1     223      2            2      2          22
      2         2    22 1      21           2      2          2 
      2         2    1         2222         2     231         2 
      2         2              2  3222      2     2           2 
      2         2            223  2  222    2   2232         22 
      2         2   0 22232232 2  2    22   2   2  2         2  
      2         2    22  2  2  2  2     2  2322231 1         2  
      2         2    1 122  2  1  2     3222                 2  
      2         2321  1 12  1     1    22         0         22  
      2          2   132 2             2         0          2   
      2          2  0  322             2      121           2   
      2          321   2               2     131            2   
      2          2  0  1               2      1             2   
      2          2   0      0         12     0       1     22   
      2          2                  22222            22    2    
      2          1  0            2222   2             22   2    
      2                         22     23221  1        22  2    
      2         1 0            22      2      2         22 2    
      2         21            22       2      2          232    
      2           0          22   1    2      2           2     
      2                     22 1  222  2  0   2           2     
      2     12  0    1     22  2    2  2      2          12     
      2      1      12    22   2    2  2      2          11     
      2    1              2    2    3223      1          11     
      2    2    0     0  22  12323222  2321    1        111     
      2    1             1       2      2      2        2122    
      2       0 0      21        2   1  2      2      222  22   
      2                2         2   2  2      2     22     2   
      2          1   1 1        2322232 2      2    22      2   
      2          2  22          2     323      22   2       2   
      2   0      1 12           22    2 1       22  2       2   
      2        0  0  0           22   2          2  2       322 
      2             0             22  2          322322     2 21
      2         0                  2322         22    2    231  
      2                             2          22     1    2    
      321          12          122223          2           2    
1     2  0     0    1               2          22        222    
22    2                             2           22       2      
 22   31           0                2            3221    2      
  2   2             0               22           2      22      
  2   321    0        0              2           22  1222       
  2   2            121               22           2    221      
  2   2                     0         2           222  2        
  22  31              0               2             22331       
   2  2           0                 223222            2         
   2  2                            22    22           2         
   2  2             0             22      222        22         
   2  2                         222         22       1          
   1  21                    0  22            221                
                0            122                                
