                1222        22322321                        0  0
 111111            3221112232 2  2         111111111          0 
 155551           22 15112 2  2  3221      1555555511       21  
 155551         0 2  212 2 2223232         1555555551       1   
 155551          22 22 2 22     2  0 0     15555555511     0    
 155551          1  2  21 2     1   1      155555555511   0     
 211111             2 1   2        1321    155555555551         
 2   11             322   2111             15555555555221       
 2   11             1  1232111111          111111555551         
 2   11                  2  155511         11   1155111         
22   11                  2  1555511        11    1151           
1    11                  2  155555111      11     1121         1
     11                  2  1555555511     11     12           2
     11                 23221555555551     12      2           2
     11         1     223  155555555511     2      2          22
     11         2    22 1  1555555555511    2      2         12 
     11         2    1     15555555555511   2    1231        11 
     11         2         115555555555551   2   111         111 
     11         2        115555555555555111121112122       1151 
     11         2   0 222255555555555555555555551  2       1551 
     11         2    22  2112112112111155555555121 1      11551 
     11         2    1 122  2  1  2   1555555111          15551 
     11         2321  1 12  1     1   15555111    0      115551 
     11          2   132 2            151111     0       155551 
     11          2  0  322           1151     121       1155551 
     11          321   2            11551    131        1555551 
     11          2  0  1            15551     1         1555551 
     11          2   0      0      1155511   0       1  1555551 
     11          2                11555551           22 1555551 
     11          1  0            221115551            211555551 
     11                         22   1155221  1       155555551 
     11         1 0            22     1111    2      1155555551 
     11        131            22      12      2      1555555551 
     11        11 0          22   1    2      2      1555555551 
     11                     22 1  222  2  0   2     11555555551 
     11     12  0    1     22  2    2  2      2     15555555551 
     11      1      12    22   2    2  21     2     15555555551 
     11    1              2    2111132221     1    115555555551 
     11    2    0     0  22  12255111  1321    1   155555555551 
     11    1             1     1551     2      2   155555555551 
     11       0 0      21      1551  1  2      2  1155555555551 
     11                2       1551  2  2      2  1555555555551 
     11          1   1 1       12122232 2      2  1555555555551 
     11          2  22          2     323      22 1555111115551 
     11   0      1 12           22    2 1       2115551   15551 
     11        0  0  0           22   2         1555551   15551 
     11             0             22  2         1555551   155121
     11         0                  2122         2111112   1551  
     12                            151         22     1   1111  
      321          12          1222151         2          11    
1     2  0     0    1             15511        22        221    
22    2                           1555111       21       2      
 22   31           0              155555111     11221    2      
  2   2             0             155555551     151     22      
  2   321    0        0         111555555511    151  1222       
  2   2            121          1555555555511   111    221      
  2   2                     0   1555555555551    1222  2        
  22  31              0         1555555555551       22331       
   2  2           0             1555555555551         2         
   2  2                        115555555555511        2         
   2  2             0          155555555555551       22         
   2  2                        155555555555551       1          
   1  21                    0  21111111111111221                
                0            122                                
