                1222        22322321                        0  0
                   322   2232 2  2                            0 
                  22 2 223 2  2  3221                       21  
   11           0 2  323 2 2223232           11111          1   
   222           22 22 2 22     2  0 0       155511        0    
  22 22          1  2  21 2     1   1        155551       0     
 22   2             2 1   2        1321      2111121            
 2    2             322   2                 22    1322221       
 2    2             1  1233222              2      2            
 2    2                  2   22             2      2            
22    2                  2    2             2      2            
1     2                  2    21            2      321         1
      2                  2    111           2      2           2
      2                 23222215111         2      2           2
      2         1     223    1555511        2      2          22
      2         2    22 1    1555551        2      2          2 
      2         2    1       15555511       2     231         2 
      2         2            155555511      2     2           2 
      2         2            21211211222    2   2232         22 
      2         2   0 22232232 2  2    22   2   2  2         2  
      2         2    22  2  2  2  2     2112322231 1         2  
      2         2    1 122  2  1  2     2111                 2  
      2         2321  1 12  1     1    22         0         22  
      2          2   132 2             2         0          2   
      2          2  0  322             2      121          12   
      2          321   2               2     131           11   
      2          2  0  1               2      1           111   
      2          2   0      0         12     0       1    151   
      2          2                  22222            22   151   
      2          1  0            2222   2             22  151   
      2                         22     23221  1        22 151   
      2         1 0            22      2      2         21151   
      2         21            22       2      2         15551   
      2           0          22   1    2      2        115551   
      2                     22 1  222  2  0   2        155551   
      2     12  0    1     22  2    2  2      2        155551   
      2      1      12    22   2    2  2      2       1155551   
      2    1              2    2    3223      1       1555551   
      2    2    0     0  22  12323222  2321    1      1555551   
      2    1             1       2      2      2     11555551   
      2       0 0      21        2   1  2      2     15555551   
      2                2         2   2  2      2     21111112   
      2          1   1 1        2322232 2      2    22      2   
      2          2  22          2     323      22   2       2   
      2   0      1 12           22    2 1       22  2       2   
      2        0  0  0           22   2          2  2       322 
      2             0             22  2          322322     2 21
      2         0                  2322         22    2    231  
      2                             2          22     1    2    
      321          12          122223          2           2    
1     2  0     0    1               2          22        222    
22    2                             2           22       2      
 22   31           0                2            3221    2      
  2   2             0               211          2      22      
  2   321    0        0             15111        22  1222       
  2   2            121              15551         2    221      
  2   2                     0     11155511        222  2        
  22  31              0           155555511         22331       
   2  2           0               155555551           2         
   2  2                           155555551           2         
   2  2             0             21111111222        22         
   2  2                         222         22       1          
   1  21                    0  22            221                
                0            122                                
